14,20
14,14
0,491
0,438
0,515
0,386
0,319
265,4
265,3
265,2
265,1
265,0
0,303
0,293
157,12
0,570
0,310
0,301
123,4
119,6
121,4
119,4
119,5
0,289
0,522
0,286
0,273
0,451
0,477
0,536
0,476
0,408
0,520
0,406
0,403
0,548
0,474
0,308
0,571
0,306
0,391
0,537
0,569
0,389
0,453
0,434
0,436
0,535
0,433
0,489
219,3
172,3
0,471
0,299
0,462
0,5
269,2
0,290
0,554
0,284
0,280
273,3
230,7
235,5
0,566
0,544
0,464
0,526
14,11
0,567
0,298
0,297
264,3
0,294
0,502
0,292
0,565
0,237
0,231
0,230
0,458
0,226
0,542
0,225
0,222
0,486
0,221
0,219
0,218
0,217
0,216
0,215
0,214
0,213
0,212
0,208
0,207
0,206
0,205
0,202
0,199
0,198
0,197
0,196
0,195
0,194
0,62
0,568
0,61
0,431
0,60
0,59
0,561
0,58
0,55
0,53
0,531
0,52
0,47
0,45
0,57
0,575
14,13
0,56
0,557
0,287
0,54
0,540
159,5
146,3
0,51
0,563
0,50
0,534
0,49
0,517
0,48
0,562
0,279
0,46
0,530
0,274
0,6
0,457
14,12
149,3
96,6
96,5
96,3
154,3
155,4
177,3
92,9
190,3
149,4
125,3
124,3
155,3
155,5
106,4
110,3
105,3
152,3
157,294
157,150
157,55
14,10
118,3
112,7
118,4
112,9
112,4
114,5
135,3
135,4
166,3
163,6
163,3
163,4
273,4
230,4
270,3
0,240
0,239
0,524
0,238
266,2
0,574
269,3
161,8
161,6
161,5
125,4
94,3
93,4
92,3
0,223
0,236
0,235
0,553
118,2
151,4
0,454
149,5
242,4
157,3
157,33
157,4
0,234
0,519
0,233
0,518
0,232
0,538
41,5
45,5
65,3
0,402
266,5
266,4
0,441
266,3
168,4
267,3
264,5
0,229
0,461
0,228
0,460
118,6
0,227
0,399
0,7
0,545
0,398
0,224
0,573
167,3
96,8
